1234
33333.75
1000000
1000001
1000010
1000100
1001000
1010000
1100000
1.1
1.01
0.01
0
4932049.32
999999999.99
1234567.89
9876543.21
10000
100000
10000000
100000000
1000000000
1
2
3
4
5
6
7
8
9
10
11
12
13
14
15
16
17
18
19
20
21
22
23
24
25
26
27
28
29
30
31
32
33
34
35
36
37
38
39
40
41
42
43
44
45
46
47
48
49
50
51
52
53
54
55
56
57
58
59
60
61
62
63
64
65
66
67
68
69
70
71
72
73
74
75
76
77
78
79
80
81
82
83
84
85
86
87
88
89
90
91
92
93
94
95
96
97
98
99
100
101
110
120
130
140
150
160
170
180
190
200
1000
2000
3000
4000
5000
6000
7000
8000
9000
10000
100000
1000000
10000000
100000000
1000000000
123.45
987.65
1234.56
7890.12
1000.01
1000.10
1000.11
1000.99
12345.67
76543.21
123456.78
876543.21
1234567.89
9876543.21
0.01
0.10
0.11
0.99
1.00
10.00
100.00
1000.00
10000.00
100000.00
1000000.00
10000000.00
100000000.00
1000000000.00
0.00
0.00000000000000
